--undefined-- --undefined--
--undefined-- --undefined--
--undefined-- --undefined--
--undefined-- --undefined--
--undefined-- --undefined--
--undefined-- --undefined--
--undefined-- --undefined--
--undefined-- --undefined--
--undefined-- --undefined--
--undefined-- --undefined--
--undefined-- --undefined--
--undefined-- --undefined--
--undefined-- --undefined--
--undefined-- --undefined--
--undefined-- --undefined--
--undefined-- --undefined--
--undefined-- -300.000
--undefined-- -300.000
--undefined-- -300.000
--undefined-- -300.000
--undefined-- -300.000
--undefined-- -300.000
--undefined-- -300.000
--undefined-- -300.000
--undefined-- -300.000
--undefined-- -300.000
--undefined-- -300.000
--undefined-- -300.000
--undefined-- -300.000
--undefined-- -300.000
--undefined-- -300.000
--undefined-- -300.000
--undefined-- -300.000
--undefined-- -300.000
--undefined-- -300.000
--undefined-- -300.000
--undefined-- -300.000
--undefined-- -300.000
--undefined-- -300.000
--undefined-- -300.000
--undefined-- -300.000
--undefined-- -300.000
--undefined-- -300.000
--undefined-- -300.000
--undefined-- -300.000
--undefined-- -300.000
--undefined-- -300.000
--undefined-- -300.000
--undefined-- -300.000
--undefined-- -300.000
--undefined-- -300.000
--undefined-- -300.000
--undefined-- -300.000
--undefined-- -300.000
--undefined-- -300.000
--undefined-- -300.000
--undefined-- -300.000
--undefined-- -300.000
--undefined-- -300.000
--undefined-- -300.000
--undefined-- -300.000
--undefined-- -300.000
--undefined-- -300.000
--undefined-- -300.000
--undefined-- -300.000
--undefined-- -300.000
--undefined-- -300.000
--undefined-- -300.000
--undefined-- -300.000
--undefined-- -300.000
--undefined-- -300.000
--undefined-- -300.000
--undefined-- -300.000
--undefined-- -300.000
--undefined-- -300.000
--undefined-- -300.000
--undefined-- -300.000
--undefined-- -300.000
--undefined-- -300.000
--undefined-- -300.000
--undefined-- -300.000
--undefined-- -300.000
--undefined-- -300.000
--undefined-- -300.000
--undefined-- -300.000
--undefined-- -300.000
--undefined-- -300.000
--undefined-- -300.000
--undefined-- -300.000
--undefined-- -300.000
--undefined-- -300.000
--undefined-- -300.000
--undefined-- -300.000
--undefined-- -300.000
--undefined-- -300.000
--undefined-- -300.000
--undefined-- -300.000
--undefined-- -300.000
--undefined-- -300.000
--undefined-- -300.000
--undefined-- -300.000
--undefined-- -300.000
--undefined-- -300.000
--undefined-- -300.000
--undefined-- -300.000
--undefined-- -300.000
--undefined-- -321.702
--undefined-- -71.429
--undefined-- 17.302
--undefined-- 19.686
--undefined-- 27.541
--undefined-- 34.036
--undefined-- 39.600
--undefined-- 44.384
--undefined-- 48.549
--undefined-- 52.205
--undefined-- 55.450
--undefined-- 58.293
--undefined-- 60.787
--undefined-- 62.975
--undefined-- 64.902
259.528 66.569
259.330 68.006
259.156 69.242
259.088 70.307
259.081 71.211
259.124 71.981
259.207 72.642
259.329 73.223
259.490 73.737
259.686 74.203
259.919 74.640
260.197 75.062
260.515 75.472
260.862 75.875
261.199 76.275
261.495 76.678
261.715 77.076
261.833 77.469
261.841 77.856
261.749 78.235
261.579 78.598
261.354 78.938
261.096 79.250
260.811 79.532
260.507 79.776
260.181 79.979
259.840 80.142
259.489 80.267
259.141 80.356
258.795 80.415
258.464 80.450
258.152 80.466
257.850 80.469
257.551 80.463
257.244 80.452
256.922 80.438
256.584 80.423
256.226 80.407
255.866 80.391
255.521 80.374
255.212 80.358
254.951 80.342
254.757 80.326
254.629 80.309
254.567 80.293
254.570 80.277
254.641 80.261
254.784 80.244
255.005 80.228
255.293 80.212
255.634 80.196
256.007 80.179
256.392 80.163
256.770 80.147
257.133 80.131
257.473 80.114
257.783 80.098
258.065 80.082
258.301 80.066
258.486 80.049
258.614 80.033
258.687 80.017
258.708 80.002
258.684 79.988
258.620 79.976
258.516 79.967
258.377 79.964
258.203 79.967
257.999 79.979
257.761 80.001
257.501 80.035
257.219 80.081
256.917 80.138
256.604 80.205
256.293 80.281
256.005 80.363
255.762 80.450
255.580 80.540
255.476 80.631
255.466 80.725
255.574 80.818
255.842 80.912
256.314 81.005
257.027 81.099
257.994 81.193
259.191 81.287
260.512 81.380
261.845 81.475
263.067 81.568
264.091 81.662
264.864 81.756
265.391 81.850
265.725 81.944
265.924 82.037
266.044 82.131
266.131 82.225
266.209 82.319
266.283 82.413
266.349 82.506
266.397 82.600
266.418 82.694
266.403 82.788
266.348 82.881
266.255 82.976
266.133 83.069
265.991 83.162
265.840 83.255
265.681 83.347
265.528 83.436
265.378 83.522
265.233 83.602
265.095 83.676
264.966 83.740
264.845 83.794
264.734 83.835
264.633 83.865
264.541 83.881
264.459 83.887
264.390 83.882
264.335 83.870
264.296 83.851
264.272 83.828
264.261 83.803
264.260 83.776
264.266 83.748
264.277 83.719
264.294 83.691
264.315 83.662
264.341 83.633
264.374 83.605
264.414 83.576
264.463 83.547
264.523 83.519
264.594 83.490
264.679 83.461
264.780 83.433
264.903 83.404
265.050 83.375
265.223 83.347
265.415 83.318
265.625 83.290
265.832 83.262
266.023 83.234
266.186 83.207
266.315 83.182
266.411 83.158
266.478 83.135
266.525 83.114
266.563 83.095
266.597 83.079
266.633 83.063
266.669 83.050
266.706 83.037
266.742 83.026
266.773 83.014
266.798 83.004
266.816 82.993
266.825 82.983
266.826 82.973
266.817 82.962
266.797 82.952
266.763 82.942
266.715 82.931
266.654 82.921
266.581 82.910
266.502 82.900
266.420 82.888
266.338 82.876
266.258 82.863
266.181 82.848
266.109 82.831
266.042 82.813
265.983 82.792
265.932 82.770
265.892 82.745
265.863 82.719
265.845 82.691
265.838 82.663
265.842 82.633
265.859 82.603
265.888 82.573
265.930 82.543
265.980 82.513
266.034 82.482
266.088 82.452
266.140 82.421
266.186 82.391
266.226 82.361
266.262 82.330
266.293 82.301
266.323 82.272
266.350 82.245
266.377 82.220
266.403 82.197
266.430 82.179
266.458 82.165
266.491 82.157
266.530 82.154
266.574 82.157
266.623 82.165
266.674 82.178
266.722 82.193
266.764 82.212
266.797 82.232
266.819 82.253
266.830 82.275
266.832 82.298
266.825 82.320
266.813 82.343
266.796 82.365
266.774 82.388
266.749 82.411
266.723 82.433
266.697 82.456
266.675 82.479
266.659 82.501
266.650 82.524
266.649 82.547
266.654 82.569
266.666 82.592
266.684 82.614
266.709 82.637
266.740 82.659
266.777 82.681
266.816 82.703
266.856 82.725
266.892 82.746
266.923 82.767
266.947 82.788
266.965 82.809
266.976 82.830
266.983 82.850
266.986 82.871
266.987 82.891
266.986 82.911
266.983 82.932
266.980 82.952
266.977 82.972
266.976 82.992
266.977 83.013
266.981 83.033
266.988 83.053
266.997 83.073
267.006 83.094
267.014 83.114
267.020 83.134
267.024 83.155
267.026 83.175
267.029 83.195
267.035 83.216
267.047 83.236
267.069 83.256
267.101 83.276
267.143 83.297
267.192 83.317
267.243 83.337
267.298 83.358
267.344 83.378
267.381 83.398
267.411 83.418
267.434 83.439
267.453 83.459
267.470 83.479
267.486 83.500
267.502 83.520
267.519 83.540
267.538 83.560
267.559 83.581
267.585 83.601
267.616 83.621
267.653 83.641
267.696 83.662
267.743 83.682
267.795 83.702
267.850 83.723
267.907 83.743
267.965 83.763
268.024 83.784
268.081 83.804
268.136 83.824
268.184 83.844
268.225 83.865
268.256 83.885
268.279 83.905
268.294 83.926
268.304 83.946
268.311 83.966
268.317 83.986
268.321 84.007
268.326 84.027
268.330 84.047
268.336 84.068
268.343 84.088
268.352 84.108
268.363 84.127
268.377 84.147
268.393 84.166
268.412 84.183
268.434 84.200
268.459 84.214
268.488 84.227
268.519 84.238
268.554 84.246
268.593 84.253
268.637 84.258
268.688 84.261
268.744 84.263
268.806 84.264
268.872 84.264
268.946 84.264
269.018 84.264
269.086 84.264
269.152 84.264
269.215 84.263
269.274 84.263
269.324 84.263
269.363 84.263
269.389 84.262
269.399 84.262
269.394 84.262
269.376 84.262
269.347 84.261
269.311 84.261
269.269 84.261
269.223 84.261
269.171 84.260
269.115 84.260
269.054 84.260
268.986 84.259
268.904 84.259
268.818 84.259
268.725 84.259
268.625 84.258
268.517 84.258
268.403 84.258
268.283 84.258
268.158 84.257
268.026 84.257
267.889 84.257
267.746 84.256
267.596 84.256
267.436 84.255
267.263 84.253
267.085 84.251
266.902 84.248
266.711 84.245
266.518 84.240
266.326 84.234
266.137 84.227
265.950 84.219
265.768 84.210
265.586 84.201
265.410 84.191
265.240 84.181
265.074 84.170
264.915 84.159
264.764 84.149
264.623 84.138
264.497 84.127
264.388 84.116
264.298 84.106
264.227 84.095
264.175 84.084
264.142 84.073
264.128 84.062
264.136 84.052
264.165 84.041
264.213 84.030
264.276 84.019
264.348 84.009
264.419 83.998
264.486 83.987
264.545 83.976
264.595 83.965
264.636 83.955
264.670 83.944
264.697 83.933
264.718 83.922
264.733 83.912
264.742 83.901
264.747 83.890
264.748 83.879
264.746 83.868
264.743 83.858
264.737 83.847
264.730 83.836
264.722 83.826
264.713 83.815
264.705 83.805
264.697 83.796
264.691 83.788
264.685 83.780
264.681 83.774
264.679 83.770
264.680 83.768
264.683 83.767
264.690 83.768
264.699 83.771
264.710 83.775
264.723 83.780
264.736 83.785
264.748 83.791
264.761 83.797
264.773 83.803
264.783 83.810
264.792 83.816
264.798 83.823
264.800 83.829
264.797 83.836
264.791 83.842
264.782 83.849
264.770 83.855
264.758 83.862
264.745 83.868
264.732 83.874
264.719 83.881
264.704 83.887
264.687 83.894
264.667 83.900
264.641 83.907
264.610 83.913
264.573 83.920
264.533 83.926
264.492 83.933
264.452 83.939
264.415 83.945
264.382 83.952
264.355 83.958
264.330 83.965
264.308 83.971
264.287 83.978
264.266 83.984
264.245 83.991
264.223 83.997
264.200 84.003
264.173 84.010
264.142 84.016
264.106 84.023
264.057 84.029
264.007 84.036
263.955 84.042
263.900 84.049
263.846 84.055
263.794 84.062
263.745 84.068
263.700 84.075
263.661 84.081
263.627 84.088
263.600 84.095
263.582 84.102
263.573 84.110
263.574 84.119
263.585 84.128
263.606 84.138
263.638 84.149
263.681 84.161
263.737 84.174
263.803 84.188
263.878 84.202
263.958 84.217
264.041 84.232
264.131 84.247
264.217 84.263
264.299 84.278
264.379 84.294
264.458 84.309
264.530 84.324
264.597 84.340
264.658 84.355
264.711 84.370
264.755 84.384
264.788 84.397
264.809 84.409
264.815 84.419
264.804 84.427
264.778 84.433
264.737 84.437
264.685 84.439
264.624 84.439
264.556 84.437
264.483 84.434
264.406 84.430
264.326 84.425
264.247 84.419
264.172 84.414
264.102 84.408
264.035 84.403
263.980 84.397
263.936 84.391
263.903 84.385
263.883 84.379
263.876 84.374
263.886 84.368
263.911 84.362
263.950 84.356
264.000 84.350
264.065 84.345
264.136 84.339
264.213 84.333
264.296 84.327
264.383 84.321
264.471 84.316
264.556 84.310
264.633 84.304
264.700 84.298
264.758 84.293
264.806 84.287
264.844 84.281
264.872 84.275
264.889 84.269
264.895 84.264
264.892 84.258
264.882 84.252
264.867 84.246
264.851 84.241
264.836 84.235
264.824 84.229
264.815 84.223
264.810 84.218
264.807 84.212
264.808 84.207
264.813 84.201
264.820 84.196
264.831 84.191
264.846 84.186
264.864 84.182
264.887 84.177
264.916 84.172
264.950 84.168
264.990 84.163
265.036 84.159
265.089 84.154
265.149 84.150
265.219 84.145
265.298 84.141
265.385 84.136
265.478 84.132
265.575 84.128
265.679 84.123
265.779 84.119
265.876 84.114
265.971 84.110
266.065 84.105
266.157 84.101
266.250 84.096
266.342 84.092
266.434 84.088
266.527 84.083
266.620 84.079
266.716 84.074
266.814 84.070
266.916 84.065
267.022 84.061
267.132 84.056
267.248 84.052
267.357 84.047
267.457 84.043
267.547 84.038
267.625 84.034
267.689 84.030
267.741 84.025
267.783 84.021
267.815 84.016
267.838 84.012
267.853 84.007
267.860 84.003
267.862 83.998
267.862 83.994
267.863 83.989
267.867 83.985
267.877 83.981
267.891 83.976
267.910 83.972
267.930 83.967
267.950 83.963
267.969 83.958
267.985 83.954
267.999 83.949
268.009 83.945
268.015 83.941
268.016 83.936
268.012 83.932
268.002 83.927
267.986 83.923
267.968 83.918
267.948 83.914
267.930 83.909
267.916 83.905
267.907 83.900
267.903 83.896
267.904 83.892
267.907 83.887
267.912 83.883
267.917 83.878
267.921 83.874
267.926 83.869
267.928 83.865
267.929 83.861
267.928 83.857
267.923 83.853
267.914 83.849
267.901 83.847
267.886 83.844
267.869 83.843
267.852 83.842
267.836 83.842
267.820 83.844
267.806 83.845
267.792 83.848
267.776 83.850
267.758 83.853
267.736 83.857
267.710 83.860
267.681 83.864
267.649 83.867
267.617 83.871
267.588 83.875
267.563 83.878
267.543 83.882
267.529 83.885
267.521 83.889
267.522 83.893
267.531 83.896
267.549 83.900
267.579 83.903
267.619 83.907
267.667 83.910
267.721 83.914
267.778 83.918
267.838 83.921
267.898 83.925
267.958 83.928
268.018 83.932
268.077 83.936
268.134 83.939
268.189 83.943
268.241 83.946
268.290 83.950
268.335 83.954
268.374 83.957
268.406 83.961
268.429 83.964
268.443 83.968
268.447 83.972
268.442 83.975
268.427 83.979
268.403 83.982
268.370 83.986
268.328 83.989
268.276 83.993
268.220 83.997
268.163 84.000
268.109 84.004
268.062 84.007
268.024 84.011
267.996 84.015
267.976 84.018
267.962 84.021
267.953 84.025
267.947 84.027
267.944 84.030
267.943 84.031
267.942 84.031
267.941 84.030
267.937 84.027
267.928 84.023
267.914 84.017
267.895 84.009
267.873 84.000
267.851 83.989
267.831 83.978
267.815 83.966
267.806 83.954
267.803 83.941
267.810 83.928
267.828 83.915
267.860 83.902
267.911 83.890
267.981 83.877
268.069 83.864
268.172 83.851
268.285 83.838
268.403 83.825
268.521 83.812
268.638 83.799
268.751 83.786
268.859 83.773
268.964 83.760
269.053 83.747
269.125 83.734
269.179 83.721
269.215 83.708
269.236 83.695
269.242 83.683
269.237 83.670
269.222 83.657
269.197 83.644
269.163 83.631
269.122 83.618
269.075 83.605
269.026 83.592
268.975 83.579
268.923 83.566
268.866 83.553
268.813 83.540
268.764 83.527
268.717 83.514
268.675 83.501
268.638 83.489
268.605 83.476
268.574 83.463
268.543 83.450
268.509 83.437
268.468 83.424
268.421 83.411
268.366 83.398
268.304 83.385
268.235 83.372
268.162 83.359
268.084 83.345
268.001 83.332
267.913 83.318
267.820 83.304
267.721 83.289
267.614 83.275
267.497 83.259
267.370 83.244
267.228 83.228
267.079 83.211
266.922 83.195
266.758 83.179
266.585 83.162
266.405 83.145
266.219 83.129
266.033 83.112
265.850 83.095
265.671 83.078
265.506 83.062
265.357 83.045
265.223 83.028
265.106 83.011
265.006 82.995
264.929 82.978
264.878 82.961
264.852 82.945
264.854 82.928
264.883 82.911
264.936 82.894
265.014 82.878
265.120 82.861
265.250 82.844
265.405 82.828
265.582 82.811
265.787 82.794
266.009 82.778
266.250 82.761
266.510 82.744
266.789 82.727
267.076 82.711
267.371 82.694
267.665 82.677
267.957 82.660
268.240 82.644
268.513 82.627
268.774 82.610
269.033 82.594
269.280 82.577
269.517 82.560
269.747 82.543
269.967 82.527
270.176 82.510
270.372 82.493
270.559 82.477
270.731 82.460
270.886 82.443
271.026 82.426
271.153 82.410
271.267 82.393
271.369 82.376
271.457 82.360
271.532 82.343
271.593 82.326
271.638 82.309
271.662 82.293
271.662 82.276
271.633 82.259
271.572 82.243
271.478 82.226
271.352 82.209
271.194 82.192
271.006 82.176
270.786 82.159
270.529 82.142
270.239 82.126
269.917 82.109
269.565 82.092
269.185 82.075
268.772 82.059
268.333 82.042
267.865 82.025
267.371 82.008
266.858 81.991
266.327 81.974
265.782 81.955
265.228 81.935
264.658 81.914
264.081 81.890
263.502 81.863
262.920 81.832
262.333 81.797
261.747 81.758
261.169 81.714
260.597 81.668
260.038 81.618
259.511 81.566
259.030 81.511
258.593 81.456
258.207 81.400
257.879 81.344
257.620 81.287
257.439 81.231
257.348 81.174
257.354 81.118
257.456 81.060
257.639 81.004
257.893 80.947
258.190 80.891
258.525 80.834
258.890 80.777
259.277 80.720
259.687 80.664
260.109 80.607
260.537 80.550
260.969 80.493
261.397 80.437
261.824 80.380
262.247 80.323
262.674 80.266
263.099 80.210
263.524 80.153
263.947 80.096
264.374 80.039
264.797 79.983
265.207 79.926
265.599 79.869
265.966 79.812
266.305 79.756
266.616 79.699
266.897 79.642
267.150 79.587
267.381 79.532
267.581 79.479
267.753 79.428
267.902 79.382
268.029 79.342
268.141 79.308
268.247 79.283
268.352 79.267
268.456 79.261
268.559 79.265
268.654 79.276
268.736 79.294
268.793 79.317
268.819 79.345
268.810 79.375
268.765 79.406
268.682 79.438
268.558 79.471
268.387 79.503
268.164 79.536
267.888 79.569
267.566 79.602
267.199 79.634
266.800 79.666
266.377 79.697
265.943 79.727
265.497 79.754
265.040 79.778
264.581 79.797
264.124 79.810
263.674 79.817
263.225 79.816
262.787 79.808
262.360 79.793
261.949 79.771
261.559 79.744
261.207 79.714
260.899 79.679
260.643 79.644
260.439 79.607
260.289 79.569
260.196 79.530
260.165 79.492
260.202 79.454
260.311 79.415
260.490 79.377
260.731 79.338
261.033 79.300
261.385 79.261
261.787 79.223
262.231 79.184
262.721 79.146
263.242 79.107
263.776 79.068
264.313 79.030
264.846 78.990
265.358 78.950
265.848 78.909
266.313 78.865
266.749 78.817
267.137 78.766
267.477 78.708
267.761 78.643
267.993 78.571
268.182 78.491
268.338 78.403
268.477 78.309
268.611 78.208
268.744 78.103
268.886 77.994
269.033 77.883
269.190 77.771
269.365 77.658
269.563 77.543
269.787 77.429
270.034 77.315
270.294 77.201
270.560 77.087
270.813 76.972
271.048 76.858
271.255 76.745
271.430 76.630
271.568 76.516
271.663 76.402
271.706 76.288
271.689 76.173
271.607 76.059
271.460 75.945
271.261 75.831
271.029 75.716
270.781 75.602
270.525 75.488
270.279 75.375
270.042 75.261
269.811 75.149
269.582 75.038
269.356 74.930
269.131 74.823
268.900 74.720
268.669 74.622
268.438 74.527
268.207 74.436
267.977 74.349
267.749 74.266
267.527 74.186
267.305 74.107
267.089 74.030
266.873 73.954
266.656 73.879
266.437 73.803
266.217 73.728
265.994 73.653
265.770 73.579
265.533 73.503
265.287 73.428
265.025 73.354
264.746 73.279
264.453 73.204
264.148 73.129
263.842 73.054
263.541 72.979
263.251 72.904
262.981 72.829
262.751 72.754
262.598 72.680
262.577 72.604
262.755 72.530
263.204 72.455
263.952 72.380
264.981 72.305
266.234 72.230
267.629 72.155
269.056 72.081
270.443 72.005
271.749 71.930
272.975 71.855
274.112 71.779
275.182 71.702
276.207 71.625
277.203 71.547
278.165 71.467
279.094 71.385
279.991 71.302
280.851 71.218
281.655 71.132
282.390 71.044
283.052 70.955
283.624 70.865
284.062 70.775
284.311 70.684
284.306 70.593
283.980 70.503
283.296 70.412
282.268 70.320
280.951 70.229
279.429 70.138
277.826 70.048
276.216 69.956
274.648 69.865
273.147 69.774
271.759 69.683
270.520 69.592
269.476 69.501
268.676 69.410
268.154 69.318
267.905 69.225
267.890 69.130
268.053 69.031
268.331 68.925
268.677 68.805
269.065 68.665
269.479 68.493
269.891 68.276
270.275 67.996
270.618 67.637
270.908 67.179
271.151 66.602
271.361 65.880
271.560 65.000
271.785 63.943
272.069 62.687
--undefined-- 61.198
--undefined-- 59.475
--undefined-- 57.492
--undefined-- 55.221
--undefined-- 52.608
--undefined-- 49.651
--undefined-- 46.300
--undefined-- 42.493
--undefined-- 38.111
--undefined-- 33.103
--undefined-- 27.298
--undefined-- 20.429
--undefined-- 11.938
--undefined-- 1.739
--undefined-- -10.530
--undefined-- -239.537
--undefined-- -307.340
--undefined-- -300.000
--undefined-- -300.000
--undefined-- -300.000
--undefined-- -300.000
--undefined-- -300.000
--undefined-- -300.000
--undefined-- -300.000
--undefined-- -300.000
--undefined-- -300.000
--undefined-- -300.000
--undefined-- -300.000
--undefined-- -300.000
--undefined-- -300.000
--undefined-- -300.000
--undefined-- -300.000
--undefined-- -300.000
--undefined-- -300.000
--undefined-- -300.000
--undefined-- -300.000
--undefined-- -300.000
--undefined-- -300.000
--undefined-- -300.000
--undefined-- -300.000
--undefined-- -300.000
--undefined-- -300.000
--undefined-- -300.000
--undefined-- -300.000
--undefined-- -300.000
--undefined-- -300.000
--undefined-- -300.000
--undefined-- -300.000
--undefined-- -300.000
--undefined-- -300.000
--undefined-- -300.000
--undefined-- -300.000
--undefined-- -300.000
--undefined-- -300.000
--undefined-- -300.000
--undefined-- -300.000
--undefined-- -300.000
--undefined-- -300.000
--undefined-- -300.000
--undefined-- -300.000
--undefined-- -300.000
--undefined-- -300.000
--undefined-- -300.000
--undefined-- -300.000
--undefined-- -300.000
--undefined-- -300.000
--undefined-- -300.000
--undefined-- -300.000
--undefined-- -300.000
--undefined-- -300.000
--undefined-- -300.000
--undefined-- -300.000
--undefined-- -300.000
--undefined-- -300.000
--undefined-- -300.000
--undefined-- -300.000
--undefined-- -300.000
--undefined-- -300.000
--undefined-- -300.000
--undefined-- -300.000
--undefined-- -300.000
--undefined-- -300.000
--undefined-- -300.000
--undefined-- -300.000
--undefined-- -300.000
--undefined-- -300.000
--undefined-- -300.000
--undefined-- -300.000
--undefined-- -300.000
--undefined-- -300.000
--undefined-- -300.000
--undefined-- -300.000
--undefined-- -300.000
--undefined-- -300.000
--undefined-- -300.000
--undefined-- -300.000
--undefined-- -300.000
--undefined-- -300.000
--undefined-- -300.000
--undefined-- -300.000
--undefined-- -300.000
--undefined-- -300.000
--undefined-- -300.000
--undefined-- -300.000
--undefined-- -300.000
--undefined-- -300.000
--undefined-- -300.000
--undefined-- -300.000
--undefined-- -300.000
--undefined-- -300.000
--undefined-- -300.000
--undefined-- -300.000
--undefined-- -300.000
--undefined-- -300.000
--undefined-- -300.000
--undefined-- -300.000
--undefined-- -300.000
--undefined-- -300.000
--undefined-- -300.000
--undefined-- -300.000
--undefined-- -300.000
--undefined-- -300.000
--undefined-- -300.000
--undefined-- -300.000
--undefined-- -300.000
--undefined-- -300.000
--undefined-- -300.000
--undefined-- -300.000
--undefined-- -300.000
--undefined-- -300.000
--undefined-- -300.000
--undefined-- -300.000
--undefined-- -300.000
--undefined-- -300.000
--undefined-- -300.000
--undefined-- -300.000
--undefined-- -300.000
--undefined-- -300.000
--undefined-- -300.000
--undefined-- -300.000
--undefined-- -300.000
--undefined-- -300.000
--undefined-- -300.000
--undefined-- -300.000
--undefined-- -300.000
--undefined-- -300.000
--undefined-- -300.000
--undefined-- -300.000
--undefined-- -300.000
--undefined-- -300.000
--undefined-- -300.000
--undefined-- -300.000
--undefined-- -300.000
--undefined-- -300.000
--undefined-- -300.000
--undefined-- -300.000
--undefined-- -300.000
--undefined-- -300.000
--undefined-- -300.000
--undefined-- -300.000
--undefined-- -300.000
--undefined-- -300.000
--undefined-- -300.000
--undefined-- -300.000
--undefined-- -300.000
--undefined-- -300.000
--undefined-- -300.000
--undefined-- -300.000
--undefined-- -300.000
--undefined-- -300.000
--undefined-- -300.000
--undefined-- -300.000
--undefined-- -300.000
--undefined-- -300.000
--undefined-- -300.000
--undefined-- -300.000
--undefined-- -300.000
--undefined-- -300.000
--undefined-- -300.000
--undefined-- -300.000
--undefined-- -300.000
--undefined-- -300.000
--undefined-- -300.000
--undefined-- -300.000
--undefined-- -300.000
--undefined-- -300.000
--undefined-- -300.000
--undefined-- -300.000
--undefined-- -300.000
--undefined-- -300.000
--undefined-- -300.000
--undefined-- -300.000
--undefined-- -300.000
--undefined-- -300.000
--undefined-- -300.000
--undefined-- -300.000
--undefined-- -300.000
--undefined-- -300.000
--undefined-- -300.000
--undefined-- -300.000
--undefined-- -300.000
--undefined-- -300.000
--undefined-- -300.000
--undefined-- -300.000
--undefined-- -300.000
--undefined-- -300.000
--undefined-- -300.000
--undefined-- -300.000
--undefined-- -300.000
--undefined-- -300.000
--undefined-- -300.000
--undefined-- -300.000
--undefined-- -300.000
--undefined-- -300.000
--undefined-- -300.000
--undefined-- -300.000
--undefined-- -300.000
--undefined-- -300.000
--undefined-- -300.000
--undefined-- -300.000
--undefined-- -300.000
--undefined-- -300.000
--undefined-- -300.000
--undefined-- -300.000
--undefined-- -300.000
--undefined-- -300.000
--undefined-- -300.000
--undefined-- -300.000
--undefined-- -300.000
--undefined-- -300.000
--undefined-- -300.000
--undefined-- -300.000
--undefined-- -300.000
--undefined-- -300.000
--undefined-- -300.000
--undefined-- -300.000
--undefined-- -300.000
--undefined-- -300.000
--undefined-- -300.000
--undefined-- -300.000
--undefined-- -300.000
--undefined-- -300.000
--undefined-- -300.000
--undefined-- -300.000
--undefined-- -300.000
--undefined-- -300.000
--undefined-- -300.000
--undefined-- -300.000
--undefined-- -300.000
--undefined-- -300.000
--undefined-- -300.000
--undefined-- -300.000
--undefined-- -300.000
--undefined-- -300.000
--undefined-- -300.000
--undefined-- -317.713
--undefined-- -116.431
--undefined-- -9.881
--undefined-- 7.013
--undefined-- 16.172
--undefined-- 24.060
--undefined-- 30.563
--undefined-- 36.087
--undefined-- 40.870
--undefined-- 45.087
--undefined-- 48.779
--undefined-- 52.030
--undefined-- 54.905
--undefined-- 57.466
--undefined-- 59.717
--undefined-- 61.695
309.903 63.436
309.790 64.977
309.718 66.324
309.732 67.506
309.812 68.553
309.950 69.495
310.131 70.343
310.334 71.124
310.524 71.856
310.647 72.563
310.666 73.246
310.557 73.914
310.332 74.572
310.006 75.226
309.604 75.863
309.149 76.480
308.677 77.070
308.199 77.632
307.725 78.150
307.250 78.619
306.774 79.038
306.281 79.408
305.764 79.726
305.202 79.995
304.602 80.224
303.968 80.419
303.314 80.586
302.655 80.733
302.021 80.866
301.426 80.991
300.873 81.110
300.368 81.227
299.917 81.341
299.532 81.454
299.223 81.565
298.996 81.671
298.861 81.771
298.808 81.862
298.819 81.940
298.865 82.001
298.919 82.043
298.961 82.062
298.980 82.056
298.977 82.027
298.960 81.975
298.944 81.902
298.947 81.813
298.983 81.711
299.059 81.599
299.165 81.480
299.279 81.357
299.361 81.233
299.367 81.107
299.258 80.981
299.010 80.856
298.624 80.734
298.133 80.617
297.572 80.505
296.991 80.402
296.429 80.312
295.915 80.236
295.456 80.178
295.040 80.137
294.645 80.115
294.258 80.108
293.854 80.116
293.430 80.135
292.993 80.162
292.587 80.195
292.270 80.231
292.102 80.269
292.136 80.308
292.397 80.347
292.873 80.388
293.511 80.428
294.237 80.469
294.971 80.511
295.649 80.556
296.248 80.603
296.768 80.656
297.219 80.714
297.627 80.781
298.025 80.857
298.430 80.943
298.850 81.039
299.286 81.145
299.728 81.259
300.176 81.380
300.614 81.505
301.039 81.636
301.447 81.768
301.831 81.901
302.186 82.034
302.491 82.170
302.732 82.304
302.897 82.439
302.978 82.573
302.981 82.709
302.918 82.843
302.808 82.978
302.669 83.112
302.513 83.248
302.347 83.382
302.175 83.517
301.999 83.651
301.836 83.786
301.690 83.921
301.566 84.054
301.469 84.186
301.398 84.317
301.351 84.444
301.325 84.565
301.316 84.680
301.324 84.787
301.345 84.884
301.378 84.969
301.419 85.043
301.466 85.107
301.516 85.160
301.569 85.204
301.622 85.241
301.675 85.273
301.726 85.302
301.775 85.328
301.818 85.353
301.854 85.378
301.882 85.402
301.903 85.425
301.916 85.449
301.922 85.473
301.920 85.496
301.912 85.520
301.897 85.544
301.877 85.567
301.855 85.591
301.835 85.615
301.822 85.638
301.820 85.662
301.832 85.685
301.857 85.709
301.890 85.732
301.928 85.754
301.965 85.776
301.997 85.798
302.021 85.818
302.038 85.838
302.048 85.857
302.057 85.875
302.053 85.892
302.046 85.909
302.038 85.925
302.025 85.940
302.009 85.956
301.988 85.971
301.962 85.987
301.928 86.002
301.888 86.017
301.840 86.032
301.786 86.047
301.723 86.063
301.653 86.078
301.576 86.093
301.491 86.108
301.398 86.123
301.304 86.138
301.212 86.154
301.128 86.169
301.057 86.183
301.001 86.198
300.962 86.212
300.937 86.225
300.924 86.238
300.922 86.250
300.929 86.261
300.944 86.271
300.967 86.279
300.994 86.287
301.022 86.295
301.047 86.301
301.066 86.307
301.079 86.313
301.082 86.319
301.078 86.325
301.065 86.330
301.045 86.336
301.016 86.341
300.978 86.347
300.930 86.352
300.873 86.358
300.805 86.363
300.726 86.369
300.633 86.374
300.527 86.380
300.409 86.385
300.282 86.391
300.149 86.396
300.012 86.402
299.882 86.407
299.760 86.413
299.644 86.418
299.536 86.424
299.436 86.429
299.347 86.435
299.270 86.441
299.206 86.446
299.156 86.452
299.117 86.457
299.088 86.463
299.070 86.468
299.060 86.474
299.060 86.479
299.067 86.485
299.080 86.490
299.095 86.496
299.112 86.501
299.126 86.507
299.138 86.512
299.148 86.518
299.158 86.523
299.172 86.529
299.195 86.534
299.230 86.540
299.280 86.545
299.343 86.551
299.420 86.556
299.507 86.562
299.603 86.567
299.707 86.573
299.818 86.578
299.934 86.584
300.056 86.589
300.172 86.595
300.276 86.600
300.364 86.606
300.435 86.612
300.487 86.617
300.523 86.623
300.545 86.628
300.555 86.634
300.555 86.639
300.545 86.645
300.529 86.650
300.508 86.656
300.488 86.661
300.475 86.667
300.472 86.672
300.484 86.678
300.508 86.683
300.546 86.689
300.595 86.694
300.654 86.700
300.723 86.705
300.801 86.711
300.886 86.716
300.979 86.722
301.077 86.727
301.177 86.733
301.277 86.738
301.378 86.744
301.478 86.749
301.575 86.755
301.669 86.760
301.757 86.766
301.839 86.771
301.913 86.777
301.977 86.783
302.030 86.788
302.075 86.794
302.100 86.799
302.101 86.805
302.081 86.810
302.032 86.816
301.967 86.821
301.887 86.827
301.793 86.832
301.685 86.838
301.567 86.843
301.439 86.849
301.306 86.854
301.172 86.860
301.046 86.865
300.933 86.871
300.835 86.876
300.753 86.882
300.689 86.887
300.645 86.893
300.623 86.898
300.625 86.904
300.652 86.909
300.702 86.914
300.773 86.919
300.859 86.923
300.954 86.926
301.054 86.928
301.156 86.927
301.259 86.924
301.358 86.917
301.448 86.906
301.526 86.892
301.587 86.874
301.628 86.853
301.649 86.828
301.651 86.801
301.632 86.773
301.595 86.743
301.536 86.712
301.456 86.681
301.355 86.650
301.237 86.619
301.108 86.588
300.972 86.556
300.832 86.525
300.693 86.494
300.555 86.462
300.420 86.431
300.291 86.400
300.171 86.368
300.064 86.337
299.964 86.305
299.881 86.274
299.814 86.243
299.761 86.211
299.721 86.180
299.696 86.149
299.685 86.117
299.689 86.086
299.704 86.055
299.727 86.023
299.754 85.992
299.782 85.960
299.811 85.929
299.838 85.898
299.860 85.867
299.874 85.835
299.876 85.804
299.861 85.772
299.827 85.741
299.775 85.710
299.707 85.678
299.626 85.647
299.535 85.616
299.436 85.584
299.333 85.553
299.226 85.521
299.122 85.490
299.031 85.459
298.961 85.427
298.922 85.396
298.918 85.365
298.949 85.333
299.010 85.302
299.097 85.271
299.202 85.239
299.322 85.208
299.452 85.177
299.592 85.146
299.734 85.116
299.872 85.087
300.003 85.059
300.112 85.034
300.196 85.013
300.256 84.996
300.294 84.984
300.310 84.978
300.304 84.978
300.276 84.983
300.225 84.994
300.153 85.009
300.067 85.027
299.968 85.048
299.873 85.070
299.787 85.093
299.711 85.117
299.648 85.141
299.595 85.165
299.552 85.189
299.517 85.213
299.492 85.237
299.474 85.262
299.463 85.286
299.457 85.310
299.453 85.334
299.447 85.359
299.436 85.383
299.420 85.407
299.399 85.431
299.373 85.456
299.343 85.480
299.312 85.504
299.280 85.528
299.247 85.552
299.214 85.577
299.180 85.601
299.143 85.625
299.102 85.649
299.056 85.673
299.003 85.698
298.944 85.722
298.874 85.746
298.790 85.770
298.689 85.795
298.565 85.819
298.418 85.843
298.250 85.867
298.070 85.891
297.883 85.916
297.709 85.940
297.556 85.964
297.427 85.988
297.324 86.013
297.246 86.037
297.189 86.061
297.152 86.085
297.134 86.110
297.134 86.134
297.150 86.158
297.181 86.182
297.221 86.206
297.269 86.231
297.322 86.255
297.378 86.279
297.438 86.303
297.505 86.328
297.580 86.352
297.667 86.376
297.770 86.400
297.889 86.424
298.030 86.449
298.180 86.473
298.335 86.497
298.492 86.521
298.650 86.546
298.803 86.570
298.950 86.594
299.089 86.618
299.220 86.642
299.339 86.667
299.442 86.691
299.530 86.715
299.603 86.739
299.663 86.763
299.712 86.788
299.752 86.812
299.786 86.836
299.813 86.860
299.835 86.885
299.854 86.909
299.871 86.933
299.890 86.957
299.910 86.982
299.934 87.006
299.962 87.030
299.998 87.054
300.032 87.078
300.064 87.103
300.097 87.127
300.128 87.151
300.158 87.175
300.187 87.199
300.213 87.223
300.236 87.246
300.254 87.269
300.269 87.290
300.279 87.308
300.288 87.324
300.295 87.336
300.303 87.344
300.314 87.346
300.327 87.343
300.343 87.335
300.360 87.322
300.377 87.304
300.391 87.284
300.400 87.260
300.403 87.235
300.398 87.209
300.385 87.183
300.363 87.156
300.329 87.128
300.282 87.101
300.222 87.074
300.149 87.046
300.067 87.019
299.973 86.991
299.883 86.964
299.797 86.937
299.716 86.909
299.641 86.882
299.575 86.855
299.521 86.827
299.482 86.800
299.463 86.772
299.464 86.745
299.486 86.718
299.525 86.690
299.579 86.663
299.641 86.636
299.710 86.608
299.784 86.581
299.862 86.553
299.939 86.526
300.019 86.498
300.089 86.471
300.146 86.444
300.190 86.416
300.221 86.389
300.239 86.362
300.242 86.334
300.232 86.307
300.207 86.279
300.166 86.252
300.111 86.225
300.046 86.197
299.970 86.170
299.896 86.143
299.827 86.115
299.764 86.088
299.708 86.061
299.661 86.034
299.625 86.007
299.603 85.981
299.598 85.957
299.611 85.934
299.641 85.914
299.685 85.897
299.740 85.884
299.801 85.875
299.867 85.871
299.933 85.872
300.004 85.877
300.070 85.885
300.128 85.896
300.178 85.909
300.217 85.924
300.244 85.939
300.260 85.955
300.266 85.971
300.267 85.987
300.266 86.004
300.265 86.020
300.265 86.036
300.268 86.053
300.273 86.069
300.283 86.085
300.296 86.101
300.315 86.118
300.340 86.134
300.370 86.150
300.402 86.167
300.435 86.183
300.465 86.200
300.490 86.216
300.508 86.232
300.520 86.249
300.526 86.265
300.529 86.281
300.532 86.297
300.534 86.314
300.538 86.330
300.543 86.346
300.550 86.363
300.557 86.379
300.566 86.395
300.575 86.412
300.584 86.428
300.593 86.444
300.602 86.461
300.610 86.477
300.615 86.493
300.617 86.510
300.616 86.526
300.611 86.542
300.604 86.559
300.595 86.575
300.586 86.591
300.577 86.608
300.569 86.624
300.563 86.640
300.560 86.657
300.559 86.673
300.564 86.689
300.575 86.706
300.593 86.722
300.617 86.738
300.648 86.755
300.684 86.771
300.726 86.787
300.772 86.804
300.824 86.820
300.880 86.836
300.941 86.853
301.008 86.869
301.081 86.885
301.160 86.902
301.246 86.918
301.338 86.934
301.435 86.951
301.532 86.967
301.628 86.983
301.721 87.000
301.808 87.016
301.888 87.032
301.962 87.049
302.027 87.065
302.087 87.081
302.129 87.098
302.156 87.114
302.168 87.130
302.167 87.147
302.153 87.163
302.126 87.179
302.085 87.196
302.027 87.212
301.960 87.228
301.885 87.245
301.803 87.261
301.716 87.277
301.627 87.294
301.537 87.310
301.445 87.326
301.353 87.343
301.262 87.359
301.173 87.375
301.085 87.390
301.000 87.405
300.919 87.419
300.840 87.431
300.765 87.440
300.694 87.447
300.628 87.451
300.565 87.450
300.507 87.447
300.453 87.439
300.404 87.428
300.361 87.415
300.325 87.399
300.296 87.382
300.273 87.363
300.254 87.345
300.233 87.325
300.208 87.306
300.174 87.286
300.129 87.266
300.073 87.247
300.001 87.227
299.922 87.207
299.835 87.188
299.737 87.168
299.629 87.148
299.512 87.128
299.388 87.109
299.262 87.089
299.138 87.070
299.021 87.050
298.912 87.030
298.813 87.010
298.725 86.991
298.650 86.971
298.591 86.951
298.548 86.932
298.524 86.912
298.517 86.892
298.523 86.873
298.534 86.853
298.546 86.833
298.551 86.813
298.549 86.794
298.536 86.774
298.516 86.754
298.490 86.735
298.459 86.715
298.424 86.695
298.388 86.676
298.351 86.656
298.317 86.636
298.290 86.617
298.276 86.597
298.280 86.577
298.305 86.557
298.349 86.538
298.410 86.518
298.484 86.498
298.567 86.479
298.656 86.459
298.748 86.439
298.841 86.420
298.932 86.400
299.016 86.380
299.087 86.361
299.139 86.341
299.171 86.321
299.181 86.302
299.175 86.282
299.155 86.262
299.127 86.242
299.093 86.223
299.055 86.203
299.014 86.184
298.970 86.165
298.922 86.146
298.868 86.128
298.810 86.111
298.745 86.095
298.674 86.080
298.599 86.067
298.521 86.055
298.440 86.045
298.357 86.036
298.273 86.029
298.190 86.022
298.113 86.016
298.046 86.010
297.997 86.005
297.966 86.000
297.965 85.995
298.000 85.990
298.057 85.985
298.134 85.980
298.233 85.975
298.353 85.970
298.492 85.965
298.648 85.960
298.813 85.955
298.979 85.950
299.134 85.945
299.269 85.940
299.380 85.935
299.465 85.930
299.525 85.925
299.561 85.920
299.572 85.915
299.557 85.910
299.517 85.905
299.453 85.900
299.370 85.895
299.275 85.890
299.176 85.885
299.078 85.880
298.984 85.875
298.894 85.870
298.810 85.865
298.730 85.860
298.654 85.856
298.580 85.851
298.509 85.847
298.440 85.843
298.372 85.841
298.304 85.839
298.233 85.839
298.160 85.840
298.084 85.843
298.002 85.848
297.911 85.854
297.817 85.862
297.719 85.870
297.612 85.879
297.496 85.889
297.375 85.899
297.251 85.910
297.131 85.920
297.022 85.931
296.933 85.941
296.865 85.952
296.821 85.962
296.805 85.973
296.821 85.984
296.875 85.994
296.974 86.005
297.119 86.015
297.307 86.026
297.528 86.036
297.768 86.047
298.016 86.057
298.255 86.068
298.480 86.079
298.692 86.089
298.885 86.100
299.054 86.110
299.194 86.121
299.301 86.131
299.371 86.142
299.407 86.153
299.417 86.163
299.408 86.174
299.392 86.184
299.375 86.195
299.363 86.205
299.356 86.216
299.360 86.227
299.376 86.237
299.410 86.248
299.466 86.258
299.546 86.269
299.648 86.279
299.769 86.288
299.905 86.297
300.054 86.304
300.206 86.309
300.360 86.311
300.518 86.308
300.680 86.301
300.846 86.288
301.017 86.270
301.197 86.246
301.385 86.217
301.580 86.183
301.783 86.145
302.000 86.105
302.219 86.063
302.443 86.019
302.675 85.975
302.913 85.930
303.151 85.886
303.383 85.841
303.602 85.796
303.804 85.751
303.983 85.706
304.144 85.661
304.279 85.616
304.390 85.571
304.476 85.527
304.536 85.482
304.569 85.439
304.576 85.397
304.561 85.358
304.533 85.321
304.496 85.290
304.458 85.265
304.423 85.248
304.392 85.240
304.371 85.240
304.361 85.249
304.366 85.265
304.391 85.289
304.436 85.318
304.499 85.350
304.577 85.385
304.663 85.422
304.750 85.459
304.835 85.497
304.913 85.536
304.982 85.574
305.042 85.613
305.089 85.651
305.120 85.689
305.132 85.728
305.124 85.766
305.096 85.805
305.050 85.843
304.989 85.882
304.916 85.920
304.831 85.959
304.736 85.997
304.633 86.036
304.527 86.074
304.420 86.112
304.321 86.151
304.232 86.189
304.151 86.228
304.086 86.266
304.036 86.304
303.996 86.343
303.964 86.381
303.941 86.418
303.924 86.455
303.915 86.490
303.909 86.522
303.904 86.550
303.897 86.573
303.884 86.590
303.864 86.599
303.835 86.601
303.797 86.594
303.751 86.579
303.695 86.558
303.629 86.530
303.553 86.498
303.468 86.462
303.375 86.425
303.273 86.385
303.164 86.346
303.051 86.305
302.932 86.264
302.809 86.224
302.685 86.183
302.563 86.142
302.446 86.101
302.335 86.060
302.234 86.020
302.145 85.979
302.061 85.938
301.995 85.897
301.947 85.857
301.919 85.816
301.913 85.775
301.929 85.734
301.967 85.693
302.026 85.652
302.114 85.612
302.223 85.571
302.354 85.530
302.509 85.489
302.682 85.449
302.867 85.408
303.054 85.367
303.237 85.326
303.413 85.285
303.582 85.245
303.741 85.204
303.893 85.163
304.039 85.122
304.186 85.082
304.324 85.041
304.455 85.000
304.581 84.959
304.701 84.918
304.812 84.878
304.913 84.837
305.004 84.796
305.085 84.755
305.158 84.715
305.225 84.674
305.290 84.633
305.355 84.592
305.421 84.551
305.485 84.510
305.544 84.470
305.590 84.429
305.614 84.388
305.608 84.347
305.569 84.307
305.497 84.266
305.397 84.225
305.278 84.184
305.146 84.143
305.009 84.103
304.870 84.062
304.737 84.021
304.617 83.980
304.523 83.940
304.471 83.899
304.474 83.858
304.540 83.817
304.668 83.776
304.848 83.736
305.066 83.695
305.306 83.654
305.560 83.613
305.815 83.573
306.067 83.532
306.315 83.491
306.544 83.450
306.741 83.409
306.898 83.368
307.010 83.328
307.073 83.287
307.086 83.246
307.048 83.205
306.956 83.165
306.805 83.124
306.596 83.083
306.325 83.042
306.008 83.001
305.649 82.960
305.259 82.919
304.847 82.876
304.422 82.833
303.980 82.788
303.540 82.739
303.109 82.686
302.703 82.629
302.333 82.565
302.003 82.495
301.721 82.417
301.480 82.333
301.277 82.242
301.113 82.147
300.990 82.046
300.907 81.943
300.861 81.837
300.848 81.731
300.857 81.623
300.878 81.515
300.903 81.407
300.928 81.299
300.951 81.190
300.977 81.081
301.006 80.973
301.045 80.865
301.097 80.756
301.163 80.648
301.244 80.540
301.336 80.432
301.434 80.323
301.532 80.214
301.626 80.106
301.714 79.998
301.796 79.889
301.877 79.781
301.965 79.673
302.075 79.566
302.204 79.459
302.361 79.354
302.547 79.252
302.757 79.156
302.985 79.068
303.225 78.991
303.474 78.929
303.725 78.884
303.977 78.858
304.229 78.853
304.468 78.867
304.682 78.898
304.868 78.944
305.022 79.001
305.141 79.065
305.223 79.134
305.262 79.208
305.253 79.282
305.187 79.357
305.063 79.433
304.887 79.509
304.670 79.585
304.429 79.661
304.177 79.737
303.934 79.813
303.704 79.889
303.486 79.965
303.285 80.041
303.101 80.117
302.936 80.192
302.793 80.266
302.674 80.339
302.578 80.408
302.503 80.472
302.447 80.526
302.410 80.570
302.390 80.598
302.385 80.607
302.391 80.595
302.405 80.560
302.424 80.501
302.446 80.421
302.468 80.322
302.493 80.206
302.518 80.075
302.543 79.936
302.567 79.791
302.587 79.641
302.600 79.488
302.607 79.335
302.604 79.181
302.592 79.027
302.567 78.872
302.525 78.717
302.462 78.563
302.377 78.409
302.270 78.254
302.147 78.100
302.007 77.945
301.868 77.791
301.735 77.636
301.610 77.482
301.495 77.328
301.395 77.174
301.316 77.019
301.266 76.864
301.250 76.711
301.275 76.559
301.339 76.407
301.437 76.259
301.560 76.117
301.698 75.982
301.843 75.856
301.994 75.744
302.155 75.648
302.315 75.568
302.471 75.506
302.624 75.460
302.768 75.428
302.901 75.408
303.023 75.396
303.135 75.389
303.239 75.382
303.337 75.372
303.429 75.355
303.516 75.330
303.599 75.293
303.680 75.242
303.763 75.175
303.855 75.094
303.962 74.998
304.087 74.889
304.237 74.768
304.401 74.640
304.575 74.506
304.754 74.367
304.931 74.225
305.103 74.082
305.265 73.939
305.409 73.795
305.522 73.651
305.589 73.506
305.596 73.363
305.535 73.219
305.402 73.074
305.204 72.930
304.944 72.786
304.634 72.642
304.280 72.497
303.879 72.353
303.449 72.210
303.027 72.066
302.667 71.921
302.435 71.777
302.390 71.633
302.563 71.489
302.955 71.343
303.522 71.197
304.198 71.048
304.901 70.896
305.574 70.735
306.179 70.564
306.703 70.379
307.145 70.174
307.514 69.943
307.814 69.686
308.050 69.396
308.222 69.072
308.339 68.704
308.422 68.294
308.487 67.832
308.560 67.307
308.660 66.701
308.796 66.003
308.973 65.194
309.189 64.251
309.455 63.141
309.800 61.858
--undefined-- 60.375
--undefined-- 58.669
--undefined-- 56.694
--undefined-- 54.451
--undefined-- 51.905
--undefined-- 49.018
--undefined-- 45.714
--undefined-- 41.982
--undefined-- 37.742
--undefined-- 32.888
--undefined-- 27.216
--undefined-- 20.568
--undefined-- 12.520
--undefined-- 2.409
--undefined-- 1.849
--undefined-- -235.868
--undefined-- -307.737
--undefined-- -300.000
--undefined-- -300.000
--undefined-- -300.000
--undefined-- -300.000
--undefined-- -300.000
--undefined-- -300.000
--undefined-- -300.000
--undefined-- -300.000
--undefined-- -300.000
--undefined-- -300.000
--undefined-- -300.000
--undefined-- -300.000
--undefined-- -300.000
--undefined-- -300.000
--undefined-- -300.000
--undefined-- -300.000
--undefined-- -300.000
--undefined-- -300.000
--undefined-- -300.000
--undefined-- -300.000
--undefined-- -300.000
--undefined-- -300.000
--undefined-- -300.000
--undefined-- -300.000
--undefined-- -300.000
--undefined-- -300.000
--undefined-- -300.000
--undefined-- -300.000
--undefined-- -300.000
--undefined-- -300.000
--undefined-- -300.000
--undefined-- -300.000
--undefined-- -300.000
--undefined-- -300.000
--undefined-- -300.000
--undefined-- -300.000
--undefined-- -300.000
--undefined-- -300.000
--undefined-- -300.000
--undefined-- -300.000
--undefined-- -300.000
--undefined-- -300.000
--undefined-- -300.000
--undefined-- -300.000
--undefined-- -300.000
--undefined-- -300.000
--undefined-- -300.000
--undefined-- -300.000
--undefined-- -300.000
--undefined-- -300.000
--undefined-- -300.000
--undefined-- -300.000
--undefined-- -300.000
--undefined-- -300.000
--undefined-- -300.000
--undefined-- -300.000
--undefined-- -300.000
--undefined-- -300.000
--undefined-- -300.000
--undefined-- -300.000
--undefined-- -300.000
--undefined-- -300.000
--undefined-- -300.000
--undefined-- -300.000
--undefined-- -300.000
--undefined-- -300.000
--undefined-- -300.000
--undefined-- -300.000
--undefined-- -300.000
--undefined-- -300.000
--undefined-- -300.000
--undefined-- -300.000
--undefined-- -300.000
--undefined-- -300.000
--undefined-- -300.000
--undefined-- -300.000
--undefined-- -300.000
--undefined-- -300.000
--undefined-- -300.000
--undefined-- -300.000
--undefined-- -300.000
--undefined-- -300.000
--undefined-- -300.000
--undefined-- -300.000
--undefined-- -300.000
--undefined-- -300.000
--undefined-- -300.000
--undefined-- -300.000
--undefined-- -300.000
--undefined-- -300.000
--undefined-- -300.000
--undefined-- -300.000
--undefined-- -300.000
--undefined-- -300.000
--undefined-- -300.000
--undefined-- -300.000
--undefined-- -300.000
--undefined-- -300.000
--undefined-- -300.000
--undefined-- -300.000
--undefined-- -300.000
--undefined-- -300.000
--undefined-- -300.000
--undefined-- -300.000
--undefined-- -300.000
--undefined-- -300.000
--undefined-- -300.000
--undefined-- -300.000
--undefined-- -300.000
--undefined-- -300.000
--undefined-- -300.000
--undefined-- -300.000
--undefined-- -300.000
--undefined-- -300.000
--undefined-- -300.000
--undefined-- -300.000
--undefined-- -300.000
--undefined-- -300.000
--undefined-- -300.000
--undefined-- -300.000
--undefined-- -300.000
--undefined-- -300.000
--undefined-- -300.000
--undefined-- -300.000
--undefined-- -300.000
--undefined-- -300.000
--undefined-- -300.000
--undefined-- -300.000
--undefined-- -300.000
--undefined-- -300.000
--undefined-- -300.000
--undefined-- -300.000
--undefined-- -300.000
--undefined-- -300.000
--undefined-- -300.000
--undefined-- -300.000
--undefined-- -300.000
--undefined-- -300.000
--undefined-- -300.000
--undefined-- -300.000
--undefined-- -300.000
--undefined-- -300.000
--undefined-- -300.000
--undefined-- -300.000
--undefined-- -300.000
--undefined-- -300.000
--undefined-- -300.000
--undefined-- -300.000
--undefined-- -300.000
--undefined-- -300.000
--undefined-- -300.000
--undefined-- -300.000
--undefined-- -300.000
--undefined-- -300.000
--undefined-- -300.000
--undefined-- -300.000
--undefined-- -300.000
--undefined-- -300.000
--undefined-- -300.000
--undefined-- -300.000
--undefined-- -300.000
--undefined-- -300.000
--undefined-- -300.000
--undefined-- -300.000
--undefined-- -300.000
--undefined-- -300.000
--undefined-- -300.000
--undefined-- -300.000
--undefined-- -300.000
--undefined-- -300.000
--undefined-- -300.000
--undefined-- -300.000
--undefined-- -300.000
--undefined-- -300.000
--undefined-- -300.000
--undefined-- -300.000
--undefined-- -300.000
--undefined-- -300.000
--undefined-- -300.000
--undefined-- -300.000
--undefined-- -300.000
--undefined-- -300.000
--undefined-- -300.000
--undefined-- -300.000
--undefined-- -300.000
--undefined-- -300.000
--undefined-- -300.000
--undefined-- -300.000
--undefined-- -300.000
--undefined-- -300.000
--undefined-- -300.000
--undefined-- -300.000
--undefined-- -300.000
--undefined-- -300.000
--undefined-- -300.000
--undefined-- -300.000
--undefined-- -300.000
--undefined-- -300.000
--undefined-- -300.000
--undefined-- -300.000
--undefined-- -300.000
--undefined-- -300.000
--undefined-- -300.000
--undefined-- -300.000
--undefined-- -300.000
--undefined-- -300.000
--undefined-- -300.000
--undefined-- -300.000
--undefined-- -300.000
--undefined-- -300.000
--undefined-- -300.000
--undefined-- -300.000
--undefined-- -300.000
--undefined-- -300.000
--undefined-- -300.000
--undefined-- -300.000
--undefined-- -300.000
--undefined-- -300.000
--undefined-- -300.000
--undefined-- -300.000
--undefined-- -319.960
--undefined-- -90.755
--undefined-- 1.862
--undefined-- 10.389
--undefined-- 19.854
--undefined-- 27.564
--undefined-- 33.966
--undefined-- 39.433
--undefined-- 44.188
--undefined-- 48.400
--undefined-- 52.106
--undefined-- 55.388
--undefined-- 58.313
--undefined-- 60.944
--undefined-- 63.285
--undefined-- 65.377
516.461 67.258
516.521 68.970
516.613 70.519
516.691 71.937
516.730 73.252
516.707 74.497
516.609 75.673
516.419 76.793
516.130 77.865
515.738 78.896
515.246 79.865
514.670 80.768
514.048 81.596
513.409 82.349
512.769 83.009
512.144 83.578
511.534 84.059
510.932 84.458
510.327 84.778
509.716 85.031
509.116 85.227
508.546 85.380
508.026 85.499
507.572 85.595
507.195 85.676
506.889 85.749
506.656 85.816
506.490 85.881
506.387 85.945
506.347 86.008
506.365 86.071
506.431 86.132
506.523 86.193
506.607 86.252
506.651 86.308
506.627 86.362
506.521 86.412
506.331 86.459
506.064 86.503
505.724 86.543
505.323 86.581
504.863 86.617
504.347 86.650
503.779 86.682
503.178 86.714
502.563 86.744
501.953 86.774
501.357 86.803
500.787 86.830
500.254 86.855
499.762 86.877
499.315 86.894
498.929 86.907
498.611 86.913
498.367 86.913
498.194 86.907
498.086 86.895
498.034 86.877
498.029 86.855
498.068 86.830
498.147 86.803
498.261 86.774
498.405 86.744
498.571 86.714
498.748 86.683
498.931 86.652
499.115 86.621
499.297 86.590
499.469 86.560
499.623 86.529
499.748 86.498
499.835 86.467
499.878 86.436
499.878 86.405
499.841 86.374
499.774 86.344
499.686 86.314
499.581 86.284
499.462 86.256
499.328 86.231
499.175 86.209
498.998 86.194
498.787 86.186
498.533 86.188
498.237 86.201
497.902 86.226
497.538 86.263
497.158 86.311
496.780 86.368
496.416 86.435
496.071 86.506
495.754 86.582
495.484 86.660
495.301 86.741
495.237 86.822
495.321 86.903
495.573 86.984
495.975 87.066
496.505 87.148
497.135 87.229
497.830 87.311
498.564 87.393
499.324 87.475
500.098 87.556
500.854 87.638
501.569 87.720
502.201 87.801
502.726 87.883
503.126 87.964
503.404 88.046
503.575 88.128
503.656 88.210
503.662 88.291
503.603 88.373
503.488 88.455
503.322 88.536
503.124 88.618
502.911 88.700
502.703 88.781
502.514 88.863
502.353 88.944
502.221 89.026
502.114 89.108
502.029 89.190
501.962 89.271
501.909 89.352
501.870 89.433
501.843 89.512
501.825 89.589
501.812 89.664
501.801 89.734
501.790 89.798
501.777 89.855
501.761 89.905
501.740 89.946
501.713 89.979
501.679 90.003
501.637 90.021
501.585 90.033
501.517 90.040
501.423 90.044
501.288 90.046
501.086 90.047
500.807 90.047
500.442 90.046
499.985 90.046
499.437 90.045
498.793 90.044
498.057 90.043
497.227 90.043
496.302 90.042
495.284 90.041
494.221 90.040
493.157 90.040
492.140 90.039
491.211 90.038
490.403 90.037
489.699 90.036
489.074 90.035
488.473 90.034
487.849 90.031
487.159 90.024
486.382 90.013
485.515 89.992
484.588 89.957
483.644 89.901
482.715 89.818
481.825 89.700
480.997 89.542
480.239 89.337
479.559 89.084
478.977 88.782
478.562 88.435
478.383 88.041
478.502 87.613
478.952 87.157
479.706 86.680
480.683 86.184
481.787 85.684
482.935 85.184
484.051 84.688
485.126 84.199
486.166 83.727
487.207 83.277
488.266 82.852
489.362 82.452
490.509 82.084
491.690 81.745
492.840 81.431
493.875 81.136
494.695 80.858
495.206 80.593
495.340 80.336
495.085 80.084
494.475 79.838
493.567 79.601
492.438 79.374
491.141 79.159
489.703 78.964
488.148 78.791
486.552 78.643
485.006 78.520
483.620 78.423
482.465 78.350
481.594 78.296
481.012 78.256
480.700 78.227
480.644 78.205
480.842 78.188
481.295 78.172
482.001 78.158
482.927 78.145
483.978 78.132
485.043 78.119
485.992 78.108
486.726 78.099
487.181 78.094
487.353 78.095
487.277 78.105
487.002 78.127
486.581 78.165
486.051 78.220
485.442 78.294
484.775 78.388
484.112 78.499
483.509 78.627
483.022 78.767
482.699 78.915
482.578 79.071
482.708 79.231
483.175 79.393
484.123 79.556
485.702 79.720
488.033 79.886
491.133 80.050
494.894 80.214
498.967 80.379
502.948 80.544
506.449 80.709
509.191 80.873
511.027 81.037
512.000 81.202
512.263 81.364
511.999 81.525
511.380 81.682
510.526 81.835
509.511 81.979
508.387 82.112
507.232 82.230
506.109 82.333
505.095 82.417
504.238 82.482
503.574 82.527
503.097 82.555
502.777 82.568
502.571 82.568
502.438 82.558
502.344 82.541
502.268 82.520
502.198 82.496
502.122 82.471
502.023 82.444
501.885 82.417
501.691 82.389
501.438 82.361
501.131 82.332
500.810 82.303
500.521 82.273
500.321 82.242
500.254 82.209
500.346 82.177
500.596 82.145
500.972 82.112
501.436 82.081
501.935 82.053
502.441 82.028
502.928 82.010
503.388 81.999
503.809 81.997
504.178 82.007
504.471 82.028
504.671 82.061
504.772 82.105
504.781 82.157
504.720 82.217
504.616 82.283
504.499 82.352
504.390 82.424
504.301 82.497
504.234 82.571
504.183 82.645
504.144 82.719
504.107 82.794
504.069 82.868
504.026 82.943
503.975 83.017
503.917 83.091
503.848 83.166
503.765 83.241
503.667 83.315
503.552 83.389
503.421 83.464
503.277 83.539
503.123 83.613
502.962 83.687
502.797 83.761
502.629 83.835
502.457 83.908
502.283 83.979
502.106 84.048
501.924 84.114
501.737 84.176
501.543 84.232
501.340 84.282
501.114 84.326
500.859 84.362
500.563 84.393
500.211 84.418
499.795 84.438
499.305 84.454
498.738 84.467
498.083 84.479
497.321 84.490
496.433 84.500
495.420 84.510
494.309 84.520
493.147 84.530
492.010 84.540
491.006 84.551
490.210 84.562
489.655 84.575
489.353 84.589
489.288 84.604
489.432 84.621
489.763 84.639
490.278 84.659
490.955 84.680
491.778 84.703
492.717 84.726
493.732 84.749
494.763 84.773
495.785 84.797
496.773 84.821
497.728 84.845
498.634 84.869
499.483 84.892
500.265 84.914
500.981 84.934
501.609 84.953
502.154 84.969
502.623 84.982
503.023 84.992
503.351 84.999
503.608 85.004
503.794 85.005
503.914 85.005
503.972 85.002
503.981 84.999
503.949 84.994
503.881 84.989
503.782 84.984
503.656 84.979
503.511 84.973
503.355 84.968
503.199 84.963
503.051 84.957
502.916 84.952
502.796 84.946
502.694 84.941
502.613 84.935
502.557 84.930
502.529 84.925
502.532 84.920
502.562 84.916
502.611 84.913
502.668 84.912
502.720 84.914
502.756 84.921
502.769 84.933
502.758 84.952
502.718 84.979
502.647 85.014
502.537 85.056
502.384 85.106
502.187 85.161
501.951 85.222
501.692 85.286
501.425 85.353
501.170 85.421
500.951 85.490
500.773 85.559
500.633 85.629
500.523 85.698
500.430 85.768
500.339 85.838
500.240 85.908
500.125 85.977
499.988 86.047
499.814 86.117
499.583 86.187
499.274 86.256
498.867 86.327
498.354 86.396
497.737 86.466
497.048 86.535
496.317 86.605
495.572 86.675
494.837 86.744
494.138 86.812
493.489 86.880
492.920 86.946
492.479 87.008
492.218 87.067
492.185 87.120
492.399 87.167
492.851 87.206
493.501 87.237
494.300 87.261
495.204 87.277
496.195 87.287
497.234 87.291
498.305 87.292
499.375 87.289
500.403 87.284
501.334 87.279
502.123 87.272
502.752 87.266
503.224 87.259
503.551 87.252
503.759 87.245
503.871 87.238
503.902 87.231
503.862 87.224
503.765 87.217
503.632 87.210
503.493 87.203
503.380 87.196
503.322 87.189
503.332 87.182
503.413 87.176
503.560 87.169
503.761 87.162
504.011 87.155
504.305 87.148
504.635 87.141
504.993 87.134
505.361 87.127
505.713 87.120
506.022 87.113
506.261 87.106
506.418 87.099
506.494 87.092
506.498 87.085
506.446 87.078
506.354 87.071
506.230 87.065
506.082 87.058
505.915 87.051
505.735 87.044
505.545 87.037
505.357 87.030
505.176 87.023
505.003 87.016
504.838 87.009
504.676 87.002
504.510 86.995
504.332 86.988
504.133 86.981
503.911 86.974
503.667 86.967
503.402 86.961
503.120 86.954
502.828 86.947
502.529 86.941
502.226 86.935
501.921 86.931
501.621 86.928
501.339 86.927
501.082 86.928
500.868 86.933
500.705 86.942
500.590 86.954
500.523 86.971
500.501 86.990
500.524 87.013
500.590 87.038
500.700 87.064
500.845 87.092
501.009 87.120
501.173 87.149
501.305 87.179
501.384 87.208
501.401 87.237
501.353 87.266
501.244 87.295
501.069 87.325
500.842 87.354
500.561 87.383
500.222 87.413
499.825 87.442
499.381 87.471
498.895 87.500
498.372 87.530
497.812 87.559
497.224 87.588
496.610 87.617
495.975 87.647
495.312 87.676
494.643 87.705
493.968 87.733
493.290 87.762
492.623 87.789
491.994 87.815
491.454 87.839
491.052 87.862
490.830 87.881
490.808 87.898
490.978 87.913
491.305 87.924
491.742 87.933
492.234 87.940
492.743 87.945
493.247 87.949
493.742 87.952
494.221 87.955
494.685 87.957
495.138 87.959
495.587 87.961
496.020 87.963
496.437 87.964
496.839 87.964
497.221 87.964
497.572 87.961
497.887 87.956
498.161 87.948
498.397 87.938
498.592 87.923
498.749 87.905
498.868 87.884
498.950 87.860
498.993 87.833
499.005 87.805
498.998 87.775
498.995 87.745
499.017 87.714
499.084 87.682
499.206 87.650
499.385 87.619
499.619 87.587
499.897 87.555
500.213 87.524
500.565 87.492
500.946 87.460
501.353 87.429
501.762 87.397
502.152 87.365
502.492 87.334
502.759 87.302
502.938 87.270
503.027 87.239
503.027 87.207
502.943 87.175
502.776 87.143
502.522 87.112
502.183 87.080
501.758 87.048
501.242 87.017
500.635 86.985
499.936 86.953
499.133 86.922
498.222 86.890
497.203 86.858
496.107 86.827
494.954 86.795
493.771 86.763
492.575 86.732
491.376 86.701
490.201 86.671
489.079 86.643
488.034 86.619
487.121 86.601
486.384 86.592
485.840 86.594
485.480 86.611
485.267 86.645
485.137 86.699
485.025 86.772
484.878 86.863
484.665 86.970
484.387 87.091
484.041 87.221
483.620 87.358
483.127 87.498
482.555 87.643
481.909 87.789
481.204 87.934
480.489 88.080
479.818 88.227
479.245 88.373
478.821 88.518
478.571 88.660
478.493 88.800
478.572 88.933
478.795 89.057
479.144 89.167
479.615 89.262
480.193 89.335
480.883 89.384
481.682 89.408
482.605 89.406
483.674 89.379
484.915 89.330
486.351 89.261
487.959 89.177
489.708 89.081
491.565 88.978
493.471 88.870
495.389 88.758
497.300 88.646
499.200 88.532
501.042 88.419
502.784 88.304
504.390 88.190
505.820 88.077
507.032 87.963
508.016 87.849
508.778 87.737
509.322 87.626
509.632 87.517
509.695 87.412
509.503 87.313
509.068 87.221
508.445 87.138
507.710 87.065
506.946 87.004
506.223 86.954
505.586 86.914
505.031 86.883
504.529 86.860
504.032 86.844
503.494 86.833
502.876 86.826
502.155 86.825
501.323 86.830
500.418 86.841
499.472 86.860
498.520 86.888
497.592 86.923
496.716 86.967
495.890 87.018
495.087 87.075
494.277 87.136
493.439 87.200
492.545 87.267
491.584 87.335
490.558 87.403
489.491 87.472
488.416 87.542
487.359 87.611
486.339 87.680
485.384 87.749
484.487 87.819
483.645 87.888
482.842 87.957
482.077 88.026
481.346 88.096
480.646 88.165
479.979 88.233
479.356 88.300
478.800 88.364
478.329 88.424
477.958 88.476
477.701 88.517
477.558 88.544
477.523 88.551
477.589 88.536
477.757 88.496
478.030 88.429
478.413 88.336
478.915 88.218
479.536 88.079
480.264 87.919
481.102 87.747
482.055 87.564
483.114 87.375
484.271 87.179
485.530 86.983
486.885 86.786
488.308 86.588
489.797 86.390
491.342 86.194
492.944 86.001
494.542 85.812
496.082 85.628
497.493 85.453
498.714 85.291
499.685 85.142
500.400 85.007
500.889 84.889
501.209 84.788
501.399 84.700
501.501 84.624
501.540 84.559
501.527 84.500
501.472 84.448
501.384 84.402
501.269 84.362
501.128 84.330
500.974 84.309
500.813 84.300
500.659 84.308
500.533 84.333
500.460 84.375
500.461 84.436
500.538 84.511
500.667 84.599
500.794 84.696
500.843 84.801
500.734 84.911
500.400 85.023
499.812 85.136
498.976 85.251
497.923 85.366
496.691 85.481
495.329 85.595
493.865 85.711
492.310 85.825
490.676 85.939
489.008 86.051
487.341 86.164
485.719 86.274
484.160 86.381
482.702 86.487
481.350 86.591
480.116 86.692
479.008 86.791
478.068 86.886
477.315 86.979
476.756 87.066
476.376 87.147
476.139 87.218
475.990 87.278
475.875 87.322
475.754 87.349
475.609 87.356
475.443 87.343
475.279 87.310
475.160 87.259
475.137 87.192
475.254 87.111
475.541 87.020
476.007 86.923
476.633 86.821
477.399 86.716
478.285 86.610
479.289 86.503
480.390 86.396
481.595 86.288
482.908 86.181
484.345 86.073
485.897 85.966
487.586 85.858
489.412 85.751
491.367 85.644
493.362 85.539
495.294 85.433
497.046 85.331
498.533 85.232
499.680 85.138
500.493 85.051
501.043 84.972
501.424 84.903
501.736 84.845
502.067 84.796
502.458 84.758
502.907 84.727
503.373 84.704
503.780 84.685
504.051 84.670
504.122 84.658
503.957 84.646
503.563 84.636
502.981 84.625
502.267 84.615
501.490 84.605
500.690 84.595
499.898 84.585
499.110 84.576
498.319 84.567
497.503 84.558
496.636 84.552
495.683 84.547
494.648 84.545
493.522 84.546
492.310 84.551
491.020 84.561
489.674 84.574
488.280 84.592
486.842 84.613
485.373 84.638
483.924 84.664
482.554 84.693
481.325 84.722
480.293 84.751
479.489 84.781
478.904 84.810
478.479 84.839
478.133 84.867
477.787 84.893
477.378 84.917
476.874 84.939
476.282 84.959
475.639 84.975
475.012 84.990
474.471 85.002
474.062 85.013
473.828 85.021
473.765 85.029
473.846 85.035
474.034 85.041
474.294 85.044
474.590 85.043
474.910 85.038
475.254 85.025
475.625 85.002
476.031 84.966
476.485 84.913
477.003 84.843
477.588 84.753
478.246 84.644
478.976 84.517
479.786 84.374
480.656 84.218
481.587 84.051
482.578 83.877
483.638 83.698
484.766 83.517
485.975 83.332
487.292 83.148
488.746 82.964
490.334 82.781
492.051 82.598
493.877 82.419
495.778 82.244
497.690 82.076
499.580 81.916
501.424 81.769
503.205 81.638
504.855 81.523
506.296 81.425
507.453 81.345
508.251 81.280
508.646 81.229
508.648 81.188
508.296 81.154
507.633 81.125
506.701 81.099
505.529 81.075
504.128 81.051
502.518 81.028
500.771 81.006
498.965 80.983
497.182 80.960
495.484 80.937
493.929 80.915
492.514 80.892
491.212 80.869
489.972 80.847
488.769 80.824
487.563 80.801
486.333 80.779
485.076 80.756
483.811 80.733
482.563 80.711
481.355 80.688
480.213 80.665
479.138 80.643
478.151 80.621
477.246 80.600
476.415 80.581
475.670 80.566
475.016 80.554
474.452 80.550
473.972 80.555
473.595 80.570
473.325 80.598
473.174 80.639
473.155 80.692
473.270 80.756
473.510 80.830
473.857 80.908
474.295 80.986
474.791 81.061
475.335 81.126
475.917 81.175
476.534 81.204
477.173 81.208
477.833 81.183
478.517 81.128
479.243 81.043
480.004 80.929
480.806 80.788
481.650 80.626
482.527 80.448
483.415 80.257
484.302 80.056
485.191 79.851
486.075 79.644
486.930 79.436
487.738 79.226
488.470 79.019
489.100 78.817
489.614 78.621
490.018 78.433
490.328 78.259
490.592 78.102
490.858 77.962
491.166 77.837
491.536 77.721
491.957 77.601
492.382 77.461
492.761 77.275
493.056 77.021
493.256 76.672
493.370 76.204
493.419 75.585
493.428 74.803
493.421 73.839
493.428 72.683
--undefined-- 71.341
--undefined-- 69.923
--undefined-- 68.691
--undefined-- 68.111
--undefined-- 68.507
--undefined-- 69.647
--undefined-- 71.065
483.677 72.447
483.478 73.679
483.218 74.713
482.961 75.555
482.689 76.223
482.390 76.740
482.057 77.121
481.699 77.387
481.351 77.563
481.059 77.666
480.876 77.714
480.840 77.720
480.967 77.695
481.249 77.646
481.660 77.579
482.162 77.496
482.708 77.399
483.261 77.284
483.800 77.149
484.315 76.987
484.791 76.785
485.206 76.525
485.552 76.190
485.830 75.760
486.046 75.210
486.214 74.513
486.354 73.655
486.487 72.613
486.639 71.367
--undefined-- 69.881
--undefined-- 68.153
--undefined-- 66.156
--undefined-- 63.863
--undefined-- 61.216
--undefined-- 58.215
--undefined-- 54.807
--undefined-- 50.927
--undefined-- 46.451
--undefined-- 41.322
--undefined-- 35.355
--undefined-- 28.257
--undefined-- 19.408
--undefined-- 27.795
--undefined-- -229.607
--undefined-- -308.459
--undefined-- -300.000
--undefined-- -300.000
--undefined-- -300.000
--undefined-- -300.000
--undefined-- -300.000
--undefined-- -300.000
--undefined-- -300.000
--undefined-- -300.000
--undefined-- -300.000
--undefined-- -300.000
--undefined-- -300.000
--undefined-- -300.000
--undefined-- -300.000
--undefined-- -300.000
--undefined-- -300.000
--undefined-- -300.000
--undefined-- -300.000
--undefined-- -300.000
--undefined-- -300.000
--undefined-- -300.000
--undefined-- -300.000
--undefined-- -300.000
--undefined-- -300.000
--undefined-- -300.000
--undefined-- -300.000
--undefined-- -300.000
--undefined-- -300.000
--undefined-- -300.000
--undefined-- -300.000
--undefined-- -300.000
--undefined-- -300.000
--undefined-- -300.000
--undefined-- -300.000
--undefined-- -300.000
--undefined-- -300.000
--undefined-- -300.000
--undefined-- -300.000
--undefined-- -300.000
--undefined-- -300.000
--undefined-- -300.000
--undefined-- -300.000
--undefined-- -300.000
--undefined-- -300.000
--undefined-- -300.000
--undefined-- -300.000
--undefined-- -300.000
--undefined-- -300.000
--undefined-- -300.000
--undefined-- -300.000
--undefined-- -300.000
--undefined-- -300.000
--undefined-- -300.000
--undefined-- -300.000
--undefined-- -300.000
--undefined-- -300.000
--undefined-- -300.000
--undefined-- -300.000
--undefined-- -300.000
--undefined-- -300.000
--undefined-- -300.000
--undefined-- -300.000
--undefined-- -300.000
--undefined-- -300.000
--undefined-- -300.000
--undefined-- -300.000
--undefined-- -300.000
--undefined-- -300.000
--undefined-- -300.000
--undefined-- -300.000
--undefined-- -300.000
--undefined-- -300.000
--undefined-- -300.000
--undefined-- -300.000
--undefined-- -300.000
--undefined-- -300.000
--undefined-- -300.000
--undefined-- -300.000
--undefined-- -300.000
--undefined-- -300.000
--undefined-- -300.000
--undefined-- -300.000
--undefined-- -300.000
--undefined-- -300.000
--undefined-- -300.000
--undefined-- -300.000
--undefined-- -300.000
--undefined-- -300.000
--undefined-- -300.000
--undefined-- -300.000
--undefined-- -300.000
--undefined-- -300.000
--undefined-- -300.000
--undefined-- -300.000
--undefined-- -300.000
--undefined-- -300.000
--undefined-- -300.000
--undefined-- -300.000
--undefined-- -300.000
--undefined-- -300.000
--undefined-- -300.000
--undefined-- -300.000
--undefined-- -300.000
--undefined-- -300.000
--undefined-- -300.000
--undefined-- -300.000
--undefined-- -300.000
--undefined-- -300.000
--undefined-- -300.000
--undefined-- -300.000
--undefined-- -300.000
--undefined-- -300.000
--undefined-- -300.000
--undefined-- -300.000
--undefined-- -300.000
--undefined-- -300.000
--undefined-- -300.000
--undefined-- -300.000
--undefined-- -300.000
--undefined-- -300.000
--undefined-- -300.000
--undefined-- -300.000
--undefined-- -300.000
--undefined-- -300.000
--undefined-- -300.000
--undefined-- -300.000
--undefined-- -300.000
--undefined-- -300.000
--undefined-- -300.000
--undefined-- -300.000
--undefined-- -300.000
--undefined-- -300.000
--undefined-- -300.000
--undefined-- -300.000
--undefined-- -300.000
--undefined-- -300.000
--undefined-- -300.000
--undefined-- -300.000
--undefined-- -300.000
--undefined-- -300.000
--undefined-- -300.000
--undefined-- -300.000
--undefined-- -300.000
--undefined-- -300.000
--undefined-- -300.000
--undefined-- -300.000
--undefined-- -300.000
--undefined-- -300.000
--undefined-- -300.000
--undefined-- -300.000
--undefined-- -300.000
--undefined-- -300.000
--undefined-- -300.000
--undefined-- -300.000
--undefined-- -300.000
--undefined-- -300.000
--undefined-- -300.000
--undefined-- -300.000
--undefined-- -300.000
--undefined-- -300.000
--undefined-- -300.000
--undefined-- -300.000
--undefined-- -300.000
--undefined-- -300.000
--undefined-- -300.000
--undefined-- -300.000
--undefined-- -300.000
--undefined-- -300.000
--undefined-- -300.000
--undefined-- -300.000
--undefined-- -300.000
--undefined-- -300.000
--undefined-- -300.000
--undefined-- -300.000
--undefined-- -300.000
--undefined-- -300.000
--undefined-- -300.000
--undefined-- -300.000
--undefined-- -300.000
--undefined-- -300.000
--undefined-- -300.000
--undefined-- -300.000
--undefined-- -300.000
--undefined-- -300.000
--undefined-- -300.000
--undefined-- -300.000
--undefined-- -300.000
--undefined-- -300.000
--undefined-- -300.000
--undefined-- -300.000
--undefined-- -300.000
--undefined-- -300.000
--undefined-- -300.000
--undefined-- -300.000
--undefined-- -300.000
--undefined-- -300.000
--undefined-- -300.000
--undefined-- -300.000
--undefined-- -300.000
--undefined-- -300.000
--undefined-- -300.000
--undefined-- -300.000
--undefined-- -300.000
--undefined-- -300.000
--undefined-- -300.000
--undefined-- -300.000
--undefined-- -300.000
--undefined-- -300.000
--undefined-- -300.000
--undefined-- -300.000
--undefined-- -300.000
--undefined-- -300.000
--undefined-- -300.000
--undefined-- -300.000
--undefined-- -300.000
--undefined-- -300.000
--undefined-- -300.000
--undefined-- -300.000
--undefined-- -300.000
--undefined-- -300.000
--undefined-- -300.000
--undefined-- -300.000
--undefined-- --undefined--
--undefined-- --undefined--
--undefined-- --undefined--
--undefined-- --undefined--
--undefined-- --undefined--
--undefined-- --undefined--
--undefined-- --undefined--
--undefined-- --undefined--
--undefined-- --undefined--
--undefined-- --undefined--
--undefined-- --undefined--
--undefined-- --undefined--
--undefined-- --undefined--
--undefined-- --undefined--
--undefined-- --undefined--
--undefined-- --undefined--
--undefined-- --undefined--
